---------------TEST START---------------
01:   (92932111101485E\x0b
02:   (1492932111101485005535 \xf0
03:   (VERFW:00072.00\xca0
04:   (VERFW2:00000.00\xb6\xdb
05:   (220.0 22.7 220.0 60.0 22.7 5000 5000 48.0 48.0 48.0 55.5 55.5 3 40 040 1 0 0 9 01 0 0 54.0 0 1 000 2\xf4\xe2
06:   (EbcvxzDajkuy\xf4p
07:   (000.0 00.0 218.8 59.9 0065 0015 001 374 53.20 000 089 0035 0000 000.0 00.00 00000 00010000 00 00 00000 010[\xa2
08:   (0 00000000000000 P 00 000.0 00.00 000.0 00.00 0000 0000 000 00.0 000 000 000.0 000 00000 00000 000 00000000 0 0 000 000 00 00 000)\xbb
09:   (B\xe7\xc9
10:   (100001000000000000000000000000000000\x9b\xe6
11:   (230.0 50.0 0030 42.0 54.0 56.4 46.0 60 1 0 2 0 0 0 0 0 1 1 0 0 1 0 54.0 0 1 000 0\xa1$
12:   (010 020 030 040 050 060 070 080 090 100 110 120 130 140aR
13:   (002 010 020 030 040 050 060\xac_
14:   (NAKss
-------------ok:14/faile:0-------------
     time:3.325977087020874
