---------------TEST START---------------
01:   (92932111101485E\x0b
02:   (1492932111101485005535 \xf0
03:   (VERFW:00072.00\xca0
04:   (VERFW2:00000.00\xb6\xdb
05:   (220.0 22.7 220.0 60.0 22.7 5000 5000 48.0 48.0 48.0 55.5 55.5 3 40 040 1 0 0 9 01 0 0 54.0 0 1 000 2\xf4\xe2
06:   (EbcvxzDajkuy\xf4p
07:   (000.0 00.0 221.3 59.9 0087 0046 001 372 53.00 000 086 0036 0000 000.0 00.00 00000 00010000 00 00 00000 010M\x95
08:   (0 00000000000000 P 00 000.0 00.00 000.0 00.00 0000 0000 000 00.0 000 000 000.0 000 00000 00000 000 00000000 0 0 000 000 00 00 000)\xbb
09:   (B\xe7\xc9
10:   (100001000000000000000000000000000000\x9b\xe6
11:   (230.0 50.0 0030 42.0 54.0 56.4 46.0 60 1 0 2 0 0 0 0 0 1 1 0 0 1 0 54.0 0 1 000 0\xa1$
12:   (010 020 030 040 050 060 070 080 090 100 110 120 130 140aR
13:   (002 010 020 030 040 050 060\xac_
14:   (NAKss
-------------ok:14/faile:0-------------
Time:3.3484959602355957	Date:2023-02-24 16:44:04.670175

01:   (92932111101485E\x0b
02:   (1492932111101485005535 \xf0
03:   (VERFW:00072.00\xca0
04:   (VERFW2:00000.00\xb6\xdb
05:   (220.0 22.7 220.0 60.0 22.7 5000 5000 48.0 48.0 48.0 55.5 55.5 3 40 040 1 0 0 9 01 0 0 54.0 0 1 000 2\xf4\xe2
06:   (EbcvxzDajkuy\xf4p
07:   (000.0 00.0 221.3 60.0 0087 0029 001 372 53.00 000 086 0036 0000 000.0 00.00 00000 00010000 00 00 00000 010rj
08:   (0 00000000000000 P 00 000.0 00.00 000.0 00.00 0000 0000 000 00.0 000 000 000.0 000 00000 00000 000 00000000 0 0 000 000 00 00 000)\xbb
09:   (B\xe7\xc9
10:   (100001000000000000000000000000000000\x9b\xe6
11:   (230.0 50.0 0030 42.0 54.0 56.4 46.0 60 1 0 2 0 0 0 0 0 1 1 0 0 1 0 54.0 0 1 000 0\xa1$
12:   (010 020 030 040 050 060 070 080 090 100 110 120 130 140aR
13:   (002 010 020 030 040 050 060\xac_
14:   (NAKss
-------------ok:14/faile:0-------------
Time:6.676959276199341	Date:2023-02-24 16:44:07.997644

01:   (92932111101485E\x0b
02:   (1492932111101485005535 \xf0
03:   (VERFW:00072.00\xca0
04:   (VERFW2:00000.00\xb6\xdb
05:   (220.0 22.7 220.0 60.0 22.7 5000 5000 48.0 48.0 48.0 55.5 55.5 3 40 040 1 0 0 9 01 0 0 54.0 0 1 000 2\xf4\xe2
06:   (EbcvxzDajkuy\xf4p
07:   (000.0 00.0 221.3 59.9 0087 0045 001 372 53.00 000 086 0036 0000 000.0 00.00 00000 00010000 00 00 00000 010~0
08:   (0 00000000000000 P 00 000.0 00.00 000.0 00.00 0000 0000 000 00.0 000 000 000.0 000 00000 00000 000 00000000 0 0 000 000 00 00 000)\xbb
09:   (B\xe7\xc9
10:   (100001000000000000000000000000000000\x9b\xe6
11:   (230.0 50.0 0030 42.0 54.0 56.4 46.0 60 1 0 2 0 0 0 0 0 1 1 0 0 1 0 54.0 0 1 000 0\xa1$
12:   (010 020 030 040 050 060 070 080 090 100 110 120 130 140aR
13:   (002 010 020 030 040 050 060\xac_
14:   (NAKss
-------------ok:14/faile:0-------------
Time:10.009315967559814	Date:2023-02-24 16:44:11.330001

01:   (92932111101485E\x0b
02:   (1492932111101485005535 \xf0
03:   (VERFW:00072.00\xca0
04:   (VERFW2:00000.00\xb6\xdb
05:   (220.0 22.7 220.0 60.0 22.7 5000 5000 48.0 48.0 48.0 55.5 55.5 3 40 040 1 0 0 9 01 0 0 54.0 0 1 000 2\xf4\xe2
06:   (EbcvxzDajkuy\xf4p
07:   (000.0 00.0 218.8 59.9 0088 0038 001 372 53.00 000 086 0036 0000 000.0 00.00 00000 00010000 00 00 00000 010#\xc9
08:   (0 00000000000000 P 00 000.0 00.00 000.0 00.00 0000 0000 000 00.0 000 000 000.0 000 00000 00000 000 00000000 0 0 000 000 00 00 000)\xbb
09:   (B\xe7\xc9
10:   (100001000000000000000000000000000000\x9b\xe6
11:   (230.0 50.0 0030 42.0 54.0 56.4 46.0 60 1 0 2 0 0 0 0 0 1 1 0 0 1 0 54.0 0 1 000 0\xa1$
12:   (010 020 030 040 050 060 070 080 090 100 110 120 130 140aR
13:   (002 010 020 030 040 050 060\xac_
14:   (NAKss
-------------ok:14/faile:0-------------
Time:13.343281507492065	Date:2023-02-24 16:44:14.663966

01:   (92932111101485E\x0b
02:   (1492932111101485005535 \xf0
03:   (VERFW:00072.00\xca0
04:   (VERFW2:00000.00\xb6\xdb
05:   (220.0 22.7 220.0 60.0 22.7 5000 5000 48.0 48.0 48.0 55.5 55.5 3 40 040 1 0 0 9 01 0 0 54.0 0 1 000 2\xf4\xe2
06:   (EbcvxzDajkuy\xf4p
07:   (000.0 00.0 221.3 60.0 0087 0040 001 372 53.00 000 086 0036 0000 000.0 00.00 00000 00010000 00 00 00000 010\xbeP
08:   (0 00000000000000 P 00 000.0 00.00 000.0 00.00 0000 0000 000 00.0 000 000 000.0 000 00000 00000 000 00000000 0 0 000 000 00 00 000)\xbb
09:   (B\xe7\xc9
10:   (100001000000000000000000000000000000\x9b\xe6
11:   (230.0 50.0 0030 42.0 54.0 56.4 46.0 60 1 0 2 0 0 0 0 0 1 1 0 0 1 0 54.0 0 1 000 0\xa1$
12:   (010 020 030 040 050 060 070 080 090 100 110 120 130 140aR
13:   (002 010 020 030 040 050 060\xac_
14:   (NAKss
-------------ok:14/faile:0-------------
Time:16.66144585609436	Date:2023-02-24 16:44:17.982130

01:   (92932111101485E\x0b
02:   (1492932111101485005535 \xf0
03:   (VERFW:00072.00\xca0
04:   (VERFW2:00000.00\xb6\xdb
05:   (220.0 22.7 220.0 60.0 22.7 5000 5000 48.0 48.0 48.0 55.5 55.5 3 40 040 1 0 0 9 01 0 0 54.0 0 1 000 2\xf4\xe2
06:   (EbcvxzDajkuy\xf4p
07:   (000.0 00.0 218.7 59.9 0088 0032 001 372 53.00 000 086 0036 0000 000.0 00.00 00000 00010000 00 00 00000 010\x15\xc0
08:   (0 00000000000000 P 00 000.0 00.00 000.0 00.00 0000 0000 000 00.0 000 000 000.0 000 00000 00000 000 00000000 0 0 000 000 00 00 000)\xbb
09:   (B\xe7\xc9
10:   (100001000000000000000000000000000000\x9b\xe6
11:   (230.0 50.0 0030 42.0 54.0 56.4 46.0 60 1 0 2 0 0 0 0 0 1 1 0 0 1 0 54.0 0 1 000 0\xa1$
12:   (010 020 030 040 050 060 070 080 090 100 110 120 130 140aR
13:   (002 010 020 030 040 050 060\xac_
14:   (NAKss
-------------ok:14/faile:0-------------
Time:19.98793888092041	Date:2023-02-24 16:44:21.308623

01:   (92932111101485E\x0b
02:   (1492932111101485005535 \xf0
03:   (VERFW:00072.00\xca0
04:   (VERFW2:00000.00\xb6\xdb
05:   (220.0 22.7 220.0 60.0 22.7 5000 5000 48.0 48.0 48.0 55.5 55.5 3 40 040 1 0 0 9 01 0 0 54.0 0 1 000 2\xf4\xe2
06:   (EbcvxzDajkuy\xf4p
07:   (000.0 00.0 221.4 59.9 0087 0032 001 372 53.00 000 086 0036 0000 000.0 00.00 00000 00010000 00 00 00000 010\xedn
08:   (0 00000000000000 P 00 000.0 00.00 000.0 00.00 0000 0000 000 00.0 000 000 000.0 000 00000 00000 000 00000000 0 0 000 000 00 00 000)\xbb
09:   (B\xe7\xc9
10:   (100001000000000000000000000000000000\x9b\xe6
11:   (230.0 50.0 0030 42.0 54.0 56.4 46.0 60 1 0 2 0 0 0 0 0 1 1 0 0 1 0 54.0 0 1 000 0\xa1$
12:   (010 020 030 040 050 060 070 080 090 100 110 120 130 140aR
13:   (002 010 020 030 040 050 060\xac_
14:   (NAKss
-------------ok:14/faile:0-------------
Time:23.31434464454651	Date:2023-02-24 16:44:24.635029

01:   (92932111101485E\x0b
02:   (1492932111101485005535 \xf0
03:   (VERFW:00072.00\xca0
04:   (VERFW2:00000.00\xb6\xdb
05:   (220.0 22.7 220.0 60.0 22.7 5000 5000 48.0 48.0 48.0 55.5 55.5 3 40 040 1 0 0 9 01 0 0 54.0 0 1 000 2\xf4\xe2
06:   (EbcvxzDajkuy\xf4p
07:   (000.0 00.0 221.3 59.9 0087 0048 001 372 53.00 000 086 0036 0000 000.0 00.00 00001 00010000 00 00 00000 010\xfd\xb9
08:   (0 00000000000000 P 00 000.0 00.00 000.0 00.00 0000 0000 000 00.0 000 000 000.0 000 00000 00000 000 00000000 0 0 000 000 00 00 000)\xbb
09:   (B\xe7\xc9
10:   (100001000000000000000000000000000000\x9b\xe6
11:   (230.0 50.0 0030 42.0 54.0 56.4 46.0 60 1 0 2 0 0 0 0 0 1 1 0 0 1 0 54.0 0 1 000 0\xa1$
12:   (010 020 030 040 050 060 070 080 090 100 110 120 130 140aR
13:   (002 010 020 030 040 050 060\xac_
14:   (NAKss
-------------ok:14/faile:0-------------
Time:26.639318704605103	Date:2023-02-24 16:44:27.960003

01:   (92932111101485E\x0b
02:   (1492932111101485005535 \xf0
03:   (VERFW:00072.00\xca0
04:   (VERFW2:00000.00\xb6\xdb
05:   (220.0 22.7 220.0 60.0 22.7 5000 5000 48.0 48.0 48.0 55.5 55.5 3 40 040 1 0 0 9 01 0 0 54.0 0 1 000 2\xf4\xe2
06:   (EbcvxzDajkuy\xf4p
07:   (000.0 00.0 221.3 60.0 0087 0045 001 372 53.00 000 086 0036 0000 000.0 00.00 00000 00010000 00 00 00000 010\xea\xbf
08:   (0 00000000000000 P 00 000.0 00.00 000.0 00.00 0000 0000 000 00.0 000 000 000.0 000 00000 00000 000 00000000 0 0 000 000 00 00 000)\xbb
09:   (B\xe7\xc9
10:   (100001000000000000000000000000000000\x9b\xe6
11:   (230.0 50.0 0030 42.0 54.0 56.4 46.0 60 1 0 2 0 0 0 0 0 1 1 0 0 1 0 54.0 0 1 000 0\xa1$
12:   (010 020 030 040 050 060 070 080 090 100 110 120 130 140aR
13:   (002 010 020 030 040 050 060\xac_
14:   (NAKss
-------------ok:14/faile:0-------------
Time:29.973692655563354	Date:2023-02-24 16:44:31.294377

01:   (92932111101485E\x0b
02:   (1492932111101485005535 \xf0
03:   (VERFW:00072.00\xca0
04:   (VERFW2:00000.00\xb6\xdb
05:   (220.0 22.7 220.0 60.0 22.7 5000 5000 48.0 48.0 48.0 55.5 55.5 3 40 040 1 0 0 9 01 0 0 54.0 0 1 000 2\xf4\xe2
06:   (EbcvxzDajkuy\xf4p
07:   (000.0 00.0 219.3 60.0 0110 0057 002 372 53.00 000 086 0036 0000 000.0 00.00 00001 00010000 00 00 00000 010\xcd\x13
08:   (0 00000000000000 P 00 000.0 00.00 000.0 00.00 0000 0000 000 00.0 000 000 000.0 000 00000 00000 000 00000000 0 0 000 000 00 00 000)\xbb
09:   (B\xe7\xc9
10:   (100001000000000000000000000000000000\x9b\xe6
11:   (230.0 50.0 0030 42.0 54.0 56.4 46.0 60 1 0 2 0 0 0 0 0 1 1 0 0 1 0 54.0 0 1 000 0\xa1$
12:   (010 020 030 040 050 060 070 080 090 100 110 120 130 140aR
13:   (002 010 020 030 040 050 060\xac_
14:   (NAKss
-------------ok:14/faile:0-------------
Time:33.295801639556885	Date:2023-02-24 16:44:34.616486

